12 11
0 11  1 11  2 11  3 11  4 11  5 11  6 11  7 11  8 11  9 11  10 11
12 11
0 10  0 11  1 11  2 11  3 11  4 11  5 11  6 11  7 11  8 11  9 11
12 11
0 10  0 11  1 10  2 11  3 11  4 11  5 11  6 11  7 11  8 11  9 11
12 11
0 10  1 10  2 11  3 11  4 11  5 11  6 11  7 11  8 11  9 11  10 11
12 11
0 10  0 11  1 10  2 10  3 11  4 11  5 11  6 11  7 11  8 11  9 11
12 11
0 10  1 10  2 10  3 11  4 11  5 11  6 11  7 11  8 11  9 11  10 11
12 11
0 10  0 11  1 10  2 10  3 10  4 11  5 11  6 11  7 11  8 11  9 11
12 11
0 10  1 10  2 10  3 10  4 11  5 11  6 11  7 11  8 11  9 11  10 11
12 11
0 10  0 11  1 10  2 10  3 10  4 10  5 11  6 11  7 11  8 11  9 11
12 11
0 10  1 10  2 10  3 10  4 10  5 11  6 11  7 11  8 11  9 11  10 11
12 11
0 9  0 11  1 10  1 11  2 11  3 11  4 11  5 11  6 11  7 11  8 11
12 11
0 9  0 10  0 11  1 10  2 11  3 11  4 11  5 11  6 11  7 11  8 11
12 11
0 9  0 10  1 10  1 11  2 11  3 11  4 11  5 11  6 11  7 11  8 11
12 11
0 9  0 11  1 10  1 11  2 10  3 11  4 11  5 11  6 11  7 11  8 11
12 11
0 9  0 11  1 10  2 10  3 11  4 11  5 11  6 11  7 11  8 11  10 11
12 11
0 9  0 10  0 11  1 10  2 10  3 11  4 11  5 11  6 11  7 11  8 11
12 11
0 9  0 10  1 10  1 11  2 10  3 11  4 11  5 11  6 11  7 11  8 11
12 11
0 9  0 10  1 10  2 10  3 11  4 11  5 11  6 11  7 11  8 11  9 11
12 11
0 9  0 10  1 10  2 10  3 11  4 11  5 11  6 11  7 11  8 11  10 11
12 11
0 9  0 11  1 10  1 11  2 10  3 10  4 11  5 11  6 11  7 11  8 11
12 11
0 9  0 11  1 10  2 10  3 10  4 11  5 11  6 11  7 11  8 11  10 11
12 11
0 9  0 10  0 11  1 10  2 10  3 10  4 11  5 11  6 11  7 11  8 11
12 11
0 9  0 10  1 10  1 11  2 10  3 10  4 11  5 11  6 11  7 11  8 11
12 11
0 9  0 10  1 10  2 10  3 10  4 11  5 11  6 11  7 11  8 11  9 11
12 11
0 9  0 10  1 10  2 10  3 10  4 11  5 11  6 11  7 11  8 11  10 11
12 11
0 9  0 11  1 10  1 11  2 10  3 10  4 10  5 11  6 11  7 11  8 11
12 11
0 9  0 11  1 10  2 10  3 10  4 10  5 11  6 11  7 11  8 11  10 11
12 11
0 9  0 10  0 11  1 10  2 10  3 10  4 10  5 11  6 11  7 11  8 11
12 11
0 9  0 10  1 10  2 10  3 10  4 10  5 11  6 11  7 11  8 11  9 11
12 11
0 9  0 11  1 10  1 11  2 10  3 10  4 10  5 10  6 11  7 11  8 11
12 11
0 9  0 10  0 11  1 9  2 10  3 11  4 11  5 11  6 11  7 11  8 11
12 11
0 9  0 10  1 9  1 11  2 10  3 11  4 11  5 11  6 11  7 11  8 11
12 11
0 9  0 10  1 9  2 10  3 11  4 11  5 11  6 11  7 11  8 11  9 11
12 11
0 9  0 11  1 9  2 10  2 11  3 10  4 11  5 11  6 11  7 11  8 11
12 11
0 9  1 9  2 10  2 11  3 10  4 11  5 11  6 11  7 11  8 11  9 11
12 11
0 9  1 9  2 10  3 10  4 11  5 11  6 11  7 11  8 11  9 11  10 11
12 11
0 9  0 10  0 11  1 9  2 10  3 10  4 11  5 11  6 11  7 11  8 11
12 11
0 9  0 10  1 9  1 11  2 10  3 10  4 11  5 11  6 11  7 11  8 11
12 11
0 9  0 10  1 9  2 10  2 11  3 10  4 11  5 11  6 11  7 11  8 11
12 11
0 9  0 10  1 9  2 10  3 10  4 11  5 11  6 11  7 11  8 11  9 11
12 11
0 9  0 10  1 9  2 10  3 10  4 11  5 11  6 11  7 11  8 11  10 11
12 11
0 9  0 11  1 9  2 10  2 11  3 10  4 10  5 11  6 11  7 11  8 11
12 11
0 9  1 9  2 10  2 11  3 10  4 10  5 11  6 11  7 11  8 11  9 11
12 11
0 9  0 11  1 9  2 10  3 10  4 10  5 11  6 11  7 11  8 11  10 11
12 11
0 9  1 9  2 10  3 10  4 10  5 11  6 11  7 11  8 11  9 11  10 11
12 11
0 9  0 11  1 9  2 10  3 10  4 11  5 11  6 11  7 11  8 11  9 10
12 11
0 9  1 9  2 10  3 10  4 11  5 11  6 11  7 11  8 11  9 10  9 11
12 11
0 9  0 10  0 11  1 9  2 10  3 10  4 10  5 11  6 11  7 11  8 11
12 11
0 9  0 10  1 9  1 11  2 10  3 10  4 10  5 11  6 11  7 11  8 11
12 11
0 9  0 10  1 9  2 10  2 11  3 10  4 10  5 11  6 11  7 11  8 11
12 11
0 9  0 10  1 9  2 10  3 10  4 10  5 11  6 11  7 11  8 11  9 11
12 11
0 9  0 11  1 9  2 10  2 11  3 10  4 10  5 10  6 11  7 11  8 11
12 11
0 9  1 9  2 10  2 11  3 10  4 10  5 10  6 11  7 11  8 11  9 11
12 11
0 9  0 11  1 9  2 10  3 10  4 10  5 10  6 11  7 11  8 11  10 11
12 11
0 9  0 11  1 9  2 10  3 10  4 10  5 11  6 11  7 11  8 11  9 10
12 11
0 9  1 9  2 10  2 11  3 10  4 10  5 11  6 11  7 11  8 11  9 10
12 11
0 9  1 9  2 10  3 10  4 10  5 11  6 11  7 11  8 11  9 10  9 11
12 11
0 9  1 9  2 10  3 10  4 10  5 11  6 11  7 11  8 11  9 10  10 11
12 11
0 9  0 10  0 11  1 9  2 9  3 10  4 10  5 11  6 11  7 11  8 11
12 11
0 9  0 10  1 9  1 11  2 9  3 10  4 10  5 11  6 11  7 11  8 11
12 11
0 9  0 10  1 9  2 9  3 10  4 10  5 11  6 11  7 11  8 11  9 11
12 11
0 9  0 11  1 9  2 9  3 10  3 11  4 10  5 10  6 11  7 11  8 11
12 11
0 9  1 9  2 9  3 10  3 11  4 10  5 10  6 11  7 11  8 11  9 11
12 11
0 9  1 9  2 9  3 10  4 10  5 10  6 11  7 11  8 11  9 11  10 11
12 11
0 9  0 10  0 11  1 9  2 9  3 10  4 10  5 10  6 11  7 11  8 11
12 11
0 9  0 10  1 9  1 11  2 9  3 10  4 10  5 10  6 11  7 11  8 11
12 11
0 9  0 10  1 9  2 9  3 10  4 10  5 10  6 11  7 11  8 11  9 11
12 11
0 9  0 11  1 9  2 9  3 10  3 11  4 10  5 10  6 10  7 11  8 11
12 11
0 8  0 11  1 9  1 11  2 10  2 11  3 11  4 11  5 11  6 11  7 11
12 11
0 8  0 10  0 11  1 9  1 11  2 10  3 11  4 11  5 11  6 11  7 11
12 11
0 8  0 10  1 9  1 11  2 10  2 11  3 11  4 11  5 11  6 11  7 11
12 11
0 8  0 11  1 9  1 11  2 10  2 11  3 10  4 11  5 11  6 11  7 11
12 11
0 8  0 11  1 9  1 11  2 10  3 10  4 11  5 11  6 11  7 11  10 11
12 11
0 8  0 10  0 11  1 9  1 10  2 10  3 11  4 11  5 11  6 11  7 11
12 11
0 8  0 10  1 9  1 10  2 10  2 11  3 11  4 11  5 11  6 11  7 11
12 11
0 8  0 10  1 9  1 10  2 10  3 11  4 11  5 11  6 11  7 11  8 11
12 11
0 8  0 10  1 9  1 10  2 10  3 11  4 11  5 11  6 11  7 11  10 11
12 11
0 8  0 10  0 11  1 9  1 11  2 10  3 10  4 11  5 11  6 11  7 11
12 11
0 8  0 10  1 9  1 11  2 10  2 11  3 10  4 11  5 11  6 11  7 11
12 11
0 8  0 10  1 9  1 11  2 10  3 10  4 11  5 11  6 11  7 11  8 11
12 11
0 8  0 10  1 9  1 11  2 10  3 10  4 11  5 11  6 11  7 11  10 11
12 11
0 8  0 11  1 9  1 11  2 10  2 11  3 10  4 10  5 11  6 11  7 11
12 11
0 8  0 11  1 9  1 11  2 10  3 10  4 10  5 11  6 11  7 11  10 11
12 11
0 8  0 10  0 11  1 9  1 10  2 10  3 10  4 11  5 11  6 11  7 11
12 11
0 8  0 10  1 9  1 10  2 10  2 11  3 10  4 11  5 11  6 11  7 11
12 11
0 8  0 10  1 9  1 10  2 10  3 10  4 11  5 11  6 11  7 11  8 11
12 11
0 8  0 10  0 11  1 9  1 11  2 10  3 10  4 10  5 11  6 11  7 11
12 11
0 8  0 10  1 9  1 11  2 10  2 11  3 10  4 10  5 11  6 11  7 11
12 11
0 8  0 10  1 9  1 11  2 10  3 10  4 10  5 11  6 11  7 11  8 11
12 11
0 8  0 10  1 9  1 11  2 10  3 10  4 10  5 11  6 11  7 11  10 11
12 11
0 8  0 11  1 9  1 11  2 10  2 11  3 10  4 10  5 10  6 11  7 11
12 11
0 8  0 11  1 9  1 11  2 10  3 10  4 10  5 10  6 11  7 11  10 11
12 11
0 8  0 9  0 11  1 9  1 10  2 10  3 11  4 11  5 11  6 11  7 11
12 11
0 8  0 9  1 9  1 10  1 11  2 10  3 11  4 11  5 11  6 11  7 11
12 11
0 8  0 9  1 9  1 10  2 10  2 11  3 11  4 11  5 11  6 11  7 11
12 11
0 8  0 9  0 11  1 9  2 10  2 11  3 10  4 11  5 11  6 11  7 11
12 11
0 8  0 9  1 9  1 11  2 10  2 11  3 10  4 11  5 11  6 11  7 11
12 11
0 8  0 9  0 11  1 9  2 10  3 10  4 11  5 11  6 11  7 11  10 11
12 11
0 8  0 9  1 9  1 11  2 10  3 10  4 11  5 11  6 11  7 11  10 11
12 11
0 8  0 9  0 11  1 9  1 10  2 10  3 10  4 11  5 11  6 11  7 11
12 11
0 8  0 9  1 9  1 10  1 11  2 10  3 10  4 11  5 11  6 11  7 11
12 11
0 8  0 9  1 9  1 10  2 10  2 11  3 10  4 11  5 11  6 11  7 11
12 11
0 8  0 9  1 9  1 10  2 10  3 10  4 11  5 11  6 11  7 11  8 11
12 11
0 8  0 9  1 9  1 10  2 10  3 10  4 11  5 11  6 11  7 11  9 11
12 11
0 8  0 9  1 9  1 10  2 10  3 10  4 11  5 11  6 11  7 11  10 11
12 11
0 8  0 9  0 11  1 9  2 10  2 11  3 10  4 10  5 11  6 11  7 11
12 11
0 8  0 9  1 9  1 11  2 10  2 11  3 10  4 10  5 11  6 11  7 11
12 11
0 8  0 9  0 11  1 9  2 10  3 10  4 10  5 11  6 11  7 11  10 11
12 11
0 8  0 9  1 9  1 11  2 10  3 10  4 10  5 11  6 11  7 11  10 11
12 11
0 8  0 9  0 10  1 9  1 11  2 10  3 10  4 10  5 11  6 11  7 11
12 11
0 8  0 9  0 10  1 9  2 10  3 10  4 10  5 11  6 11  7 11  8 11
12 11
0 8  0 9  0 10  1 9  2 10  3 10  4 10  5 11  6 11  7 11  9 11
12 11
0 8  0 9  1 9  1 10  1 11  2 10  3 10  4 10  5 11  6 11  7 11
12 11
0 8  0 9  1 9  1 10  2 10  3 10  4 10  5 11  6 11  7 11  8 11
12 11
0 8  0 9  0 11  1 9  2 10  2 11  3 10  4 10  5 10  6 11  7 11
12 11
0 8  0 9  1 9  1 11  2 10  2 11  3 10  4 10  5 10  6 11  7 11
12 11
0 8  0 11  1 9  1 10  1 11  2 9  3 10  4 11  5 11  6 11  7 11
12 11
0 8  0 11  1 9  1 10  2 9  2 11  3 10  4 11  5 11  6 11  7 11
12 11
0 8  0 11  1 9  1 10  2 9  3 10  4 11  5 11  6 11  7 11  9 11
12 11
0 8  0 11  1 9  1 11  2 9  3 10  3 11  4 10  5 11  6 11  7 11
12 11
0 8  0 11  1 9  2 9  3 10  3 11  4 10  5 11  6 11  7 11  9 11
12 11
0 8  0 11  1 9  2 9  3 10  4 10  5 11  6 11  7 11  9 11  10 11
12 11
0 8  0 10  0 11  1 9  1 10  2 9  3 10  4 11  5 11  6 11  7 11
12 11
0 8  0 10  1 9  1 10  1 11  2 9  3 10  4 11  5 11  6 11  7 11
12 11
0 8  0 10  1 9  1 10  2 9  2 11  3 10  4 11  5 11  6 11  7 11
12 11
0 8  0 10  1 9  1 10  2 9  3 10  3 11  4 11  5 11  6 11  7 11
12 11
0 8  0 10  1 9  1 10  2 9  3 10  4 11  5 11  6 11  7 11  8 11
12 11
0 8  0 10  1 9  1 10  2 9  3 10  4 11  5 11  6 11  7 11  9 11
12 11
0 8  0 10  1 9  1 10  2 9  3 10  4 11  5 11  6 11  7 11  10 11
12 11
0 8  0 10  0 11  1 9  1 11  2 9  3 10  4 10  5 11  6 11  7 11
12 11
0 8  0 10  1 9  1 11  2 9  3 10  3 11  4 10  5 11  6 11  7 11
12 11
0 8  0 10  1 9  1 11  2 9  3 10  4 10  5 11  6 11  7 11  8 11
12 11
0 8  0 10  0 11  1 9  2 9  3 10  4 10  5 11  6 11  7 11  9 11
12 11
0 8  0 10  1 9  2 9  3 10  3 11  4 10  5 11  6 11  7 11  9 11
12 11
0 8  0 10  1 9  2 9  3 10  4 10  5 11  6 11  7 11  8 11  9 11
12 11
0 8  0 10  1 9  1 11  2 9  3 10  4 10  5 11  6 11  7 11  10 11
12 11
0 8  0 10  1 9  2 9  3 10  4 10  5 11  6 11  7 11  9 11  10 11
12 11
0 8  0 11  1 9  1 10  1 11  2 9  3 10  4 10  5 11  6 11  7 11
12 11
0 8  0 11  1 9  1 10  2 9  2 11  3 10  4 10  5 11  6 11  7 11
12 11
0 8  0 11  1 9  1 10  2 9  3 10  3 11  4 10  5 11  6 11  7 11
12 11
0 8  0 11  1 9  1 10  2 9  3 10  4 10  5 11  6 11  7 11  9 11
12 11
0 8  0 11  1 9  1 10  2 9  3 10  4 10  5 11  6 11  7 11  10 11
12 11
0 8  0 11  1 9  1 11  2 9  3 10  3 11  4 10  5 10  6 11  7 11
12 11
0 8  0 11  1 9  2 9  3 10  3 11  4 10  5 10  6 11  7 11  9 11
12 11
0 8  0 11  1 9  1 11  2 9  3 10  4 10  5 10  6 11  7 11  10 11
12 11
0 8  0 11  1 9  2 9  3 10  4 10  5 10  6 11  7 11  9 11  10 11
12 11
0 8  0 10  0 11  1 9  2 9  3 10  4 11  5 11  6 11  7 11  9 10
12 11
0 8  0 10  1 9  1 11  2 9  3 10  4 11  5 11  6 11  7 11  9 10
12 11
0 8  0 10  1 9  2 9  3 10  3 11  4 11  5 11  6 11  7 11  9 10
12 11
0 8  0 10  1 9  2 9  3 10  4 11  5 11  6 11  7 11  8 11  9 10
12 11
0 8  0 10  1 9  2 9  3 10  4 11  5 11  6 11  7 11  9 10  9 11
12 11
0 8  0 10  1 9  2 9  3 10  4 11  5 11  6 11  7 11  9 10  10 11
12 11
0 8  0 11  1 9  1 11  2 9  3 10  4 10  5 11  6 11  7 11  9 10
12 11
0 8  0 11  1 9  2 9  3 10  4 10  5 11  6 11  7 11  9 10  9 11
12 11
0 8  0 10  0 11  1 9  1 11  2 9  3 10  4 10  5 10  6 11  7 11
12 11
0 8  0 10  1 9  1 11  2 9  3 10  4 10  5 10  6 11  7 11  8 11
12 11
0 8  0 11  1 9  1 10  1 11  2 9  3 10  4 10  5 10  6 11  7 11
12 11
0 8  0 11  1 9  1 10  2 9  2 11  3 10  4 10  5 10  6 11  7 11
12 11
0 8  0 11  1 9  1 10  2 9  3 10  3 11  4 10  5 10  6 11  7 11
12 11
0 8  0 11  1 9  1 10  2 9  3 10  4 10  5 10  6 11  7 11  9 11
12 11
0 8  0 11  1 9  1 11  2 9  3 10  3 11  4 10  5 10  6 10  7 11
12 11
0 8  0 11  1 9  2 9  3 10  3 11  4 10  5 10  6 10  7 11  9 11
12 11
0 8  0 10  0 11  1 9  2 9  3 10  4 10  5 11  6 11  7 11  9 10
12 11
0 8  0 10  1 9  2 9  3 10  4 10  5 11  6 11  7 11  8 11  9 10
12 11
0 8  0 11  1 9  1 11  2 9  3 10  4 10  5 10  6 11  7 11  9 10
12 11
0 8  0 11  1 9  2 9  3 10  3 11  4 10  5 10  6 11  7 11  9 10
12 11
0 8  0 9  0 10  1 9  1 11  2 9  3 10  4 10  5 11  6 11  7 11
12 11
0 8  0 9  0 10  1 9  2 9  3 10  4 10  5 11  6 11  7 11  8 11
12 11
0 8  0 9  0 10  1 9  2 9  3 10  4 10  5 11  6 11  7 11  9 11
12 11
0 8  0 9  0 11  1 9  2 9  3 10  4 10  5 11  6 11  7 11  8 10
12 11
0 8  0 9  1 9  1 11  2 9  3 10  4 10  5 11  6 11  7 11  8 10
12 11
0 8  0 10  0 11  1 9  1 10  2 9  3 9  4 10  5 11  6 11  7 11
12 11
0 8  0 10  1 9  1 10  1 11  2 9  3 9  4 10  5 11  6 11  7 11
12 11
0 8  0 10  1 9  1 10  2 9  2 11  3 9  4 10  5 11  6 11  7 11
12 11
0 8  0 10  1 9  1 10  2 9  3 9  4 10  4 11  5 11  6 11  7 11
12 11
0 8  0 10  1 9  1 10  2 9  3 9  4 10  5 11  6 11  7 11  8 11
12 11
0 8  0 10  0 11  1 9  1 11  2 9  3 9  4 10  5 10  6 11  7 11
12 11
0 8  0 10  1 9  1 11  2 9  3 9  4 10  4 11  5 10  6 11  7 11
12 11
0 8  0 10  1 9  1 11  2 9  3 9  4 10  5 10  6 11  7 11  8 11
12 11
0 8  0 10  1 9  2 9  3 9  4 10  4 11  5 10  6 11  7 11  9 11
12 11
0 8  0 10  1 9  2 9  3 9  4 10  5 10  6 11  7 11  8 11  9 11
12 11
0 8  0 10  1 9  2 9  3 9  4 10  5 10  6 11  7 11  9 11  10 11
12 11
0 8  0 11  1 9  1 10  1 11  2 9  3 9  4 10  5 10  6 11  7 11
12 11
0 8  0 11  1 9  1 10  2 9  2 11  3 9  4 10  5 10  6 11  7 11
12 11
0 8  0 11  1 9  1 10  2 9  3 9  4 10  5 10  6 11  7 11  9 11
12 11
0 8  0 11  1 9  1 11  2 9  3 9  4 10  4 11  5 10  6 10  7 11
12 11
0 8  0 11  1 9  2 9  3 9  4 10  4 11  5 10  6 10  7 11  9 11
12 11
0 8  0 11  1 9  2 9  3 9  4 10  5 10  6 10  7 11  9 11  10 11
12 11
0 8  0 9  0 11  1 8  1 10  2 9  3 10  4 11  5 11  6 11  7 11
12 11
0 8  0 9  1 8  1 10  2 9  2 11  3 10  4 11  5 11  6 11  7 11
12 11
0 8  0 9  1 8  1 10  2 9  3 10  4 11  5 11  6 11  7 11  8 11
12 11
0 8  0 9  1 8  1 10  2 9  3 10  4 11  5 11  6 11  7 11  9 11
12 11
0 8  0 9  0 11  1 8  2 9  3 10  3 11  4 10  5 11  6 11  7 11
12 11
0 8  0 9  1 8  1 11  2 9  3 10  3 11  4 10  5 11  6 11  7 11
12 11
0 8  0 9  1 8  2 9  3 10  3 11  4 10  5 11  6 11  7 11  8 11
12 11
0 8  0 9  0 11  1 8  2 9  3 10  4 10  5 11  6 11  7 11  10 11
12 11
0 8  0 9  1 8  1 11  2 9  3 10  4 10  5 11  6 11  7 11  10 11
12 11
0 8  0 9  1 8  2 9  3 10  4 10  5 11  6 11  7 11  8 11  10 11
12 11
0 8  0 9  0 11  1 8  1 10  2 9  3 10  4 10  5 11  6 11  7 11
12 11
0 8  0 9  1 8  1 10  1 11  2 9  3 10  4 10  5 11  6 11  7 11
12 11
0 8  0 9  1 8  1 10  2 9  2 11  3 10  4 10  5 11  6 11  7 11
12 11
0 8  0 9  1 8  1 10  2 9  3 10  3 11  4 10  5 11  6 11  7 11
12 11
0 8  0 9  1 8  1 10  2 9  3 10  4 10  5 11  6 11  7 11  8 11
12 11
0 8  0 9  1 8  1 10  2 9  3 10  4 10  5 11  6 11  7 11  9 11
12 11
0 8  0 9  0 11  1 8  2 9  3 10  3 11  4 10  5 10  6 11  7 11
12 11
0 8  0 9  1 8  1 11  2 9  3 10  3 11  4 10  5 10  6 11  7 11
12 11
0 8  0 9  1 8  2 9  3 10  3 11  4 10  5 10  6 11  7 11  8 11
12 11
0 8  0 9  1 8  1 11  2 9  3 10  4 10  5 10  6 11  7 11  10 11
12 11
0 8  0 9  1 8  2 9  3 10  4 10  5 10  6 11  7 11  8 11  10 11
12 11
0 8  0 11  1 8  2 9  2 11  3 9  4 10  4 11  5 10  6 11  7 11
12 11
0 8  1 8  2 9  2 11  3 9  4 10  4 11  5 10  6 11  7 11  8 11
12 11
0 8  1 8  2 9  3 9  4 10  4 11  5 10  6 11  7 11  8 11  9 11
12 11
0 8  1 8  2 9  3 9  4 10  5 10  6 11  7 11  8 11  9 11  10 11
12 11
0 8  0 10  0 11  1 8  2 9  2 10  3 9  4 10  5 11  6 11  7 11
12 11
0 8  0 10  1 8  1 11  2 9  2 10  3 9  4 10  5 11  6 11  7 11
12 11
0 8  0 10  1 8  2 9  2 10  3 9  4 10  4 11  5 11  6 11  7 11
12 11
0 8  0 10  1 8  2 9  2 10  3 9  4 10  5 11  6 11  7 11  8 11
12 11
0 8  0 10  0 11  1 8  2 9  2 11  3 9  4 10  5 10  6 11  7 11
12 11
0 8  0 10  1 8  1 11  2 9  2 11  3 9  4 10  5 10  6 11  7 11
12 11
0 8  0 10  1 8  2 9  2 11  3 9  4 10  4 11  5 10  6 11  7 11
12 11
0 8  0 10  1 8  2 9  2 11  3 9  4 10  5 10  6 11  7 11  8 11
12 11
0 8  0 10  0 11  1 8  2 9  3 9  4 10  5 10  6 11  7 11  9 11
12 11
0 8  0 10  1 8  1 11  2 9  3 9  4 10  5 10  6 11  7 11  9 11
12 11
0 8  0 10  1 8  2 9  3 9  4 10  4 11  5 10  6 11  7 11  9 11
12 11
0 8  0 10  1 8  2 9  3 9  4 10  5 10  6 11  7 11  8 11  9 11
12 11
0 8  0 10  1 8  2 9  2 11  3 9  4 10  5 10  6 11  7 11  10 11
12 11
0 8  0 11  1 8  2 9  2 11  3 9  4 10  4 11  5 10  6 10  7 11
12 11
0 8  1 8  2 9  2 11  3 9  4 10  4 11  5 10  6 10  7 11  8 11
12 11
0 8  1 8  2 9  3 9  4 10  4 11  5 10  6 10  7 11  8 11  9 11
12 11
0 8  0 11  1 8  2 9  2 11  3 9  4 10  5 10  6 10  7 11  10 11
12 11
0 8  1 8  2 9  2 11  3 9  4 10  5 10  6 10  7 11  8 11  10 11
12 11
0 8  1 8  2 9  3 9  4 10  5 10  6 10  7 11  8 11  9 11  10 11
12 11
0 8  0 11  1 8  2 9  2 10  3 9  4 10  5 11  6 11  7 11  8 10
12 11
0 8  1 8  2 9  2 10  2 11  3 9  4 10  5 11  6 11  7 11  8 10
12 11
0 8  1 8  2 9  2 10  3 9  3 11  4 10  5 11  6 11  7 11  8 10
12 11
0 8  1 8  2 9  2 10  3 9  4 10  4 11  5 11  6 11  7 11  8 10
12 11
0 8  1 8  2 9  2 10  3 9  4 10  5 11  6 11  7 11  8 10  9 11
12 11
0 8  0 11  1 8  2 9  2 11  3 9  4 10  5 10  6 11  7 11  8 10
12 11
0 8  1 8  2 9  2 11  3 9  4 10  5 10  6 11  7 11  8 10  8 11
12 11
0 8  0 11  1 8  2 9  3 9  4 10  5 10  6 11  7 11  8 10  9 11
12 11
0 8  1 8  2 9  3 9  4 10  5 10  6 11  7 11  8 10  8 11  9 11
12 11
0 8  0 10  1 8  1 11  2 9  2 10  3 9  4 9  5 10  6 11  7 11
12 11
0 8  0 10  1 8  2 9  2 10  3 9  4 9  5 10  6 11  7 11  8 11
12 11
0 8  0 10  1 8  2 9  2 11  3 9  4 9  5 10  6 10  7 11  8 11
12 11
0 8  0 11  1 8  2 9  2 10  3 9  3 11  4 9  5 10  6 10  7 11
12 11
0 8  0 11  1 8  2 9  2 11  3 9  4 9  5 10  5 11  6 10  7 10
12 11
0 8  1 8  2 9  2 11  3 9  4 9  5 10  5 11  6 10  7 10  8 11
12 11
0 7  0 11  1 8  1 11  2 9  2 11  3 10  3 11  4 11  5 11  6 11
12 11
0 7  0 10  0 11  1 8  1 11  2 9  2 11  3 10  4 11  5 11  6 11
12 11
0 7  0 10  1 8  1 11  2 9  2 11  3 10  3 11  4 11  5 11  6 11
12 11
0 7  0 11  1 8  1 11  2 9  2 11  3 10  3 11  4 10  5 11  6 11
12 11
0 7  0 11  1 8  1 11  2 9  2 11  3 10  4 10  5 11  6 11  10 11
12 11
0 7  0 10  0 11  1 8  1 10  2 9  2 10  3 11  4 11  5 11  6 11
12 11
0 7  0 10  1 8  1 10  2 9  2 10  3 11  4 11  5 11  6 11  7 11
12 11
0 7  0 10  1 8  1 10  2 9  2 10  3 11  4 11  5 11  6 11  10 11
12 11
0 7  0 10  0 11  1 8  1 10  2 9  2 11  3 10  4 11  5 11  6 11
12 11
0 7  0 10  1 8  1 10  2 9  2 11  3 10  3 11  4 11  5 11  6 11
12 11
0 7  0 10  1 8  1 10  2 9  2 11  3 10  4 11  5 11  6 11  7 11
12 11
0 7  0 10  1 8  1 10  2 9  2 11  3 10  4 11  5 11  6 11  10 11
12 11
0 7  0 10  0 11  1 8  1 11  2 9  2 11  3 10  4 10  5 11  6 11
12 11
0 7  0 10  1 8  1 11  2 9  2 11  3 10  3 11  4 10  5 11  6 11
12 11
0 7  0 10  1 8  1 11  2 9  2 11  3 10  4 10  5 11  6 11  7 11
12 11
0 7  0 10  1 8  1 11  2 9  2 11  3 10  4 10  5 11  6 11  10 11
12 11
0 7  0 11  1 8  1 11  2 9  2 11  3 10  3 11  4 10  5 10  6 11
12 11
0 7  0 11  1 8  1 11  2 9  2 11  3 10  4 10  5 10  6 11  10 11
12 11
0 7  0 10  0 11  1 8  1 10  2 9  2 11  3 10  4 10  5 11  6 11
12 11
0 7  0 10  1 8  1 10  2 9  2 11  3 10  4 10  5 11  6 11  7 11
12 11
0 7  0 10  0 11  1 8  1 11  2 9  2 11  3 10  4 10  5 10  6 11
12 11
0 7  0 10  1 8  1 11  2 9  2 11  3 10  3 11  4 10  5 10  6 11
12 11
0 7  0 10  1 8  1 11  2 9  2 11  3 10  4 10  5 10  6 11  7 11
12 11
0 7  0 11  1 8  1 11  2 9  2 11  3 10  3 11  4 10  5 10  6 10
12 11
0 7  0 9  0 11  1 8  1 10  1 11  2 9  3 10  4 11  5 11  6 11
12 11
0 7  0 9  1 8  1 10  1 11  2 9  2 11  3 10  4 11  5 11  6 11
12 11
0 7  0 9  1 8  1 10  2 9  2 11  3 10  3 11  4 11  5 11  6 11
12 11
0 7  0 9  0 11  1 8  1 11  2 9  2 10  3 10  4 11  5 11  6 11
12 11
0 7  0 9  1 8  1 11  2 9  2 10  2 11  3 10  4 11  5 11  6 11
12 11
0 7  0 9  1 8  1 11  2 9  2 10  3 10  3 11  4 11  5 11  6 11
12 11
0 7  0 9  0 11  1 8  1 11  2 9  3 10  3 11  4 10  5 11  6 11
12 11
0 7  0 9  1 8  1 11  2 9  2 11  3 10  3 11  4 10  5 11  6 11
12 11
0 7  0 9  0 11  1 8  1 11  2 9  3 10  4 10  5 11  6 11  10 11
12 11
0 7  0 9  1 8  1 11  2 9  2 11  3 10  4 10  5 11  6 11  10 11
12 11
0 7  0 9  0 10  1 8  1 10  1 11  2 9  3 10  4 11  5 11  6 11
12 11
0 7  0 9  0 10  1 8  1 10  2 9  2 11  3 10  4 11  5 11  6 11
12 11
0 7  0 9  0 10  1 8  1 10  2 9  3 10  3 11  4 11  5 11  6 11
12 11
0 7  0 9  0 11  1 8  1 10  2 9  2 10  3 10  4 11  5 11  6 11
12 11
0 7  0 9  1 8  1 10  1 11  2 9  2 10  3 10  4 11  5 11  6 11
12 11
0 7  0 9  1 8  1 10  2 9  2 10  2 11  3 10  4 11  5 11  6 11
12 11
0 7  0 9  1 8  1 10  2 9  2 10  3 10  3 11  4 11  5 11  6 11
12 11
0 7  0 9  1 8  1 10  2 9  2 10  3 10  4 11  5 11  6 11  7 11
12 11
0 7  0 9  1 8  1 10  2 9  2 10  3 10  4 11  5 11  6 11  8 11
12 11
0 7  0 9  1 8  1 10  2 9  2 10  3 10  4 11  5 11  6 11  9 11
12 11
0 7  0 9  0 11  1 8  1 10  1 11  2 9  3 10  4 10  5 11  6 11
12 11
0 7  0 9  1 8  1 10  1 11  2 9  2 11  3 10  4 10  5 11  6 11
12 11
0 7  0 9  0 11  1 8  1 10  2 9  3 10  3 11  4 10  5 11  6 11
12 11
0 7  0 9  1 8  1 10  2 9  2 11  3 10  3 11  4 10  5 11  6 11
12 11
0 7  0 9  0 11  1 8  1 10  2 9  3 10  4 10  5 11  6 11  8 11
12 11
0 7  0 9  1 8  1 10  2 9  2 11  3 10  4 10  5 11  6 11  8 11
12 11
0 7  0 9  0 11  1 8  1 11  2 9  2 10  3 10  4 10  5 11  6 11
12 11
0 7  0 9  1 8  1 11  2 9  2 10  2 11  3 10  4 10  5 11  6 11
12 11
0 7  0 9  1 8  1 11  2 9  2 10  3 10  3 11  4 10  5 11  6 11
12 11
0 7  0 9  1 8  1 11  2 9  2 10  3 10  4 10  5 11  6 11  7 11
12 11
0 7  0 9  1 8  1 11  2 9  2 10  3 10  4 10  5 11  6 11  9 11
12 11
0 7  0 9  1 8  1 11  2 9  2 10  3 10  4 10  5 11  6 11  10 11
12 11
0 7  0 9  0 11  1 8  1 11  2 9  3 10  3 11  4 10  5 10  6 11
12 11
0 7  0 9  1 8  1 11  2 9  2 11  3 10  3 11  4 10  5 10  6 11
12 11
0 7  0 9  0 11  1 8  1 11  2 9  3 10  4 10  5 10  6 11  10 11
12 11
0 7  0 9  1 8  1 11  2 9  2 11  3 10  4 10  5 10  6 11  10 11
12 11
0 7  0 11  1 8  1 11  2 9  2 10  2 11  3 9  4 10  5 11  6 11
12 11
0 7  0 11  1 8  1 11  2 9  2 10  3 9  3 11  4 10  5 11  6 11
12 11
0 7  0 11  1 8  1 11  2 9  2 10  3 9  4 10  5 11  6 11  9 11
12 11
0 7  0 11  1 8  1 11  2 9  2 11  3 9  4 10  4 11  5 10  6 11
12 11
0 7  0 11  1 8  1 11  2 9  3 9  4 10  4 11  5 10  6 11  9 11
12 11
0 7  0 11  1 8  1 11  2 9  3 9  4 10  5 10  6 11  9 11  10 11
12 11
0 7  0 10  0 11  1 8  1 10  2 9  2 10  3 9  4 11  5 11  6 11
12 11
0 7  0 10  1 8  1 10  2 9  2 10  2 11  3 9  4 11  5 11  6 11
12 11
0 7  0 10  1 8  1 10  2 9  2 10  3 9  3 11  4 11  5 11  6 11
12 11
0 7  0 10  1 8  1 10  2 9  2 10  3 9  4 11  5 11  6 11  7 11
12 11
0 7  0 10  1 8  1 10  2 9  2 10  3 9  4 11  5 11  6 11  9 11
12 11
0 7  0 10  0 11  1 8  1 10  2 9  2 11  3 9  4 10  5 11  6 11
12 11
0 7  0 10  1 8  1 10  2 9  2 11  3 9  4 10  4 11  5 11  6 11
12 11
0 7  0 10  1 8  1 10  2 9  2 11  3 9  4 10  5 11  6 11  7 11
12 11
0 7  0 10  0 11  1 8  1 10  2 9  3 9  4 10  5 11  6 11  9 11
12 11
0 7  0 10  1 8  1 10  2 9  3 9  4 10  4 11  5 11  6 11  9 11
12 11
0 7  0 10  1 8  1 10  2 9  3 9  4 10  5 11  6 11  7 11  9 11
12 11
0 7  0 10  0 11  1 8  1 11  2 9  2 10  3 9  4 10  5 11  6 11
12 11
0 7  0 10  1 8  1 11  2 9  2 10  2 11  3 9  4 10  5 11  6 11
12 11
0 7  0 10  1 8  1 11  2 9  2 10  3 9  3 11  4 10  5 11  6 11
12 11
0 7  0 10  1 8  1 11  2 9  2 10  3 9  4 10  4 11  5 11  6 11
12 11
0 7  0 10  1 8  1 11  2 9  2 10  3 9  4 10  5 11  6 11  7 11
12 11
0 7  0 10  1 8  1 11  2 9  2 10  3 9  4 10  5 11  6 11  9 11
12 11
0 7  0 10  0 11  1 8  1 11  2 9  2 11  3 9  4 10  5 10  6 11
12 11
0 7  0 10  1 8  1 11  2 9  2 11  3 9  4 10  4 11  5 10  6 11
12 11
0 7  0 10  1 8  1 11  2 9  2 11  3 9  4 10  5 10  6 11  7 11
12 11
0 7  0 10  0 11  1 8  1 11  2 9  3 9  4 10  5 10  6 11  9 11
12 11
0 7  0 10  1 8  1 11  2 9  3 9  4 10  4 11  5 10  6 11  9 11
12 11
0 7  0 10  1 8  1 11  2 9  3 9  4 10  5 10  6 11  7 11  9 11
12 11
0 7  0 10  1 8  1 11  2 9  2 11  3 9  4 10  5 10  6 11  10 11
12 11
0 7  0 11  1 8  1 11  2 9  2 10  2 11  3 9  4 10  5 10  6 11
12 11
0 7  0 11  1 8  1 11  2 9  2 10  3 9  3 11  4 10  5 10  6 11
12 11
0 7  0 11  1 8  1 11  2 9  2 10  3 9  4 10  4 11  5 10  6 11
12 11
0 7  0 11  1 8  1 11  2 9  2 10  3 9  4 10  5 10  6 11  9 11
12 11
0 7  0 11  1 8  1 11  2 9  2 10  3 9  4 10  5 10  6 11  10 11
12 11
0 7  0 11  1 8  1 11  2 9  2 11  3 9  4 10  4 11  5 10  6 10
12 11
0 7  0 11  1 8  1 11  2 9  3 9  4 10  4 11  5 10  6 10  9 11
12 11
0 7  0 11  1 8  1 11  2 9  2 11  3 9  4 10  5 10  6 10  10 11
12 11
0 7  0 11  1 8  1 11  2 9  3 9  4 10  5 10  6 10  9 11  10 11
12 11
0 7  0 10  0 11  1 8  1 10  2 9  3 9  4 11  5 11  6 11  9 10
12 11
0 7  0 10  1 8  1 10  2 9  2 11  3 9  4 11  5 11  6 11  9 10
12 11
0 7  0 10  1 8  1 10  2 9  3 9  4 11  5 11  6 11  7 11  9 10
12 11
0 7  0 10  1 8  1 10  2 9  3 9  4 11  5 11  6 11  9 10  9 11
12 11
0 7  0 10  0 11  1 8  1 11  2 9  3 9  4 10  5 11  6 11  9 10
12 11
0 7  0 10  1 8  1 11  2 9  2 11  3 9  4 10  5 11  6 11  9 10
12 11
0 7  0 10  1 8  1 11  2 9  3 9  4 10  4 11  5 11  6 11  9 10
12 11
0 7  0 10  1 8  1 11  2 9  3 9  4 10  5 11  6 11  7 11  9 10
12 11
0 7  0 10  1 8  1 11  2 9  3 9  4 10  5 11  6 11  9 10  9 11
12 11
0 7  0 10  1 8  1 11  2 9  3 9  4 10  5 11  6 11  9 10  10 11
12 11
0 7  0 11  1 8  1 11  2 9  2 11  3 9  4 10  5 10  6 11  9 10
12 11
0 7  0 11  1 8  1 11  2 9  3 9  4 10  5 10  6 11  9 10  9 11
12 11
0 7  0 9  1 8  1 10  2 9  2 10  3 9  4 10  5 11  6 11  7 11
12 11
0 7  0 9  1 8  1 10  2 9  3 9  4 10  5 10  6 11  7 11  8 11
12 11
0 7  0 10  1 8  1 11  2 9  2 10  3 9  3 11  4 9  5 10  6 11
12 11
0 7  0 10  1 8  1 11  2 9  2 10  3 9  4 9  5 10  5 11  6 11
12 11
0 7  0 10  1 8  1 11  2 9  2 10  3 9  4 9  5 10  6 11  7 11
12 11
0 7  0 10  1 8  1 11  2 9  2 11  3 9  4 9  5 10  6 10  7 11
12 11
0 7  0 11  1 8  1 11  2 9  2 10  3 9  3 11  4 9  5 10  6 10
12 11
0 7  0 8  0 11  1 8  1 9  2 9  2 10  3 10  4 11  5 11  6 11
12 11
0 7  0 8  1 8  1 9  1 11  2 9  2 10  3 10  4 11  5 11  6 11
12 11
0 7  0 8  1 8  1 9  2 9  2 10  2 11  3 10  4 11  5 11  6 11
12 11
0 7  0 8  1 8  1 9  2 9  2 10  3 10  3 11  4 11  5 11  6 11
12 11
0 7  0 8  0 11  1 8  1 9  2 9  3 10  3 11  4 10  5 11  6 11
12 11
0 7  0 8  1 8  1 9  1 11  2 9  3 10  3 11  4 10  5 11  6 11
12 11
0 7  0 8  1 8  1 9  2 9  2 11  3 10  3 11  4 10  5 11  6 11
12 11
0 7  0 8  0 11  1 8  1 9  2 9  3 10  4 10  5 11  6 11  10 11
12 11
0 7  0 8  1 8  1 9  1 11  2 9  3 10  4 10  5 11  6 11  10 11
12 11
0 7  0 8  1 8  1 9  2 9  2 11  3 10  4 10  5 11  6 11  10 11
12 11
0 7  0 8  1 8  1 9  2 9  2 10  3 10  4 10  5 11  6 11  7 11
12 11
0 7  0 8  1 8  1 9  2 9  2 11  3 10  3 11  4 10  5 10  6 11
12 11
0 7  0 8  0 11  1 8  2 9  2 11  3 9  4 10  4 11  5 10  6 11
12 11
0 7  0 8  1 8  1 11  2 9  2 11  3 9  4 10  4 11  5 10  6 11
12 11
0 7  0 8  0 11  1 8  2 9  3 9  4 10  4 11  5 10  6 11  9 11
12 11
0 7  0 8  1 8  1 11  2 9  3 9  4 10  4 11  5 10  6 11  9 11
12 11
0 7  0 8  0 11  1 8  2 9  3 9  4 10  5 10  6 11  9 11  10 11
12 11
0 7  0 8  1 8  1 11  2 9  3 9  4 10  5 10  6 11  9 11  10 11
12 11
0 7  0 8  1 8  1 10  2 9  2 10  3 9  4 10  5 11  6 11  9 11
12 11
0 7  0 8  1 8  1 10  2 9  2 11  3 9  4 10  5 10  6 11  7 11
12 11
0 7  0 8  0 11  1 8  1 10  2 9  3 9  4 10  5 10  6 11  9 11
12 11
0 7  0 8  1 8  1 10  2 9  3 9  4 10  5 10  6 11  7 11  9 11
12 11
0 7  0 8  1 8  1 10  2 9  3 9  4 10  5 10  6 11  8 11  9 11
12 11
0 7  0 8  1 8  1 11  2 9  2 10  3 9  3 11  4 10  5 10  6 11
12 11
0 7  0 8  1 8  1 11  2 9  2 10  3 9  4 10  4 11  5 10  6 11
12 11
0 7  0 8  0 11  1 8  2 9  2 10  3 9  4 10  5 10  6 11  9 11
12 11
0 7  0 8  1 8  1 11  2 9  2 10  3 9  4 10  5 10  6 11  9 11
12 11
0 7  0 8  1 8  1 11  2 9  2 11  3 9  4 10  4 11  5 10  6 10
12 11
0 7  0 8  0 11  1 8  2 9  3 9  4 10  4 11  5 10  6 10  9 11
12 11
0 7  0 8  1 8  1 11  2 9  3 9  4 10  4 11  5 10  6 10  9 11
12 11
0 7  0 10  0 11  1 8  1 9  1 11  2 8  3 9  4 10  5 11  6 11
12 11
0 7  0 10  0 11  1 8  1 9  2 8  2 11  3 9  4 10  5 11  6 11
12 11
0 7  0 10  1 8  1 9  1 11  2 8  3 9  4 10  4 11  5 11  6 11
12 11
0 7  0 10  1 8  1 9  2 8  2 11  3 9  4 10  4 11  5 11  6 11
12 11
0 7  0 10  0 11  1 8  1 9  2 8  3 9  4 10  5 11  6 11  8 11
12 11
0 7  0 10  1 8  1 9  2 8  3 9  4 10  4 11  5 11  6 11  8 11
12 11
0 7  0 11  1 8  1 9  1 11  2 8  2 10  3 9  4 10  5 11  6 11
12 11
0 7  0 11  1 8  1 9  2 8  2 10  3 9  3 11  4 10  5 11  6 11
12 11
0 7  0 11  1 8  1 9  2 8  2 10  3 9  4 10  5 11  6 11  8 11
12 11
0 7  0 11  1 8  1 9  2 8  2 10  3 9  4 10  5 11  6 11  9 11
12 11
0 7  0 11  1 8  1 9  1 11  2 8  3 9  4 10  4 11  5 10  6 11
12 11
0 7  0 11  1 8  1 9  2 8  2 11  3 9  4 10  4 11  5 10  6 11
12 11
0 7  0 11  1 8  1 9  2 8  3 9  4 10  4 11  5 10  6 11  8 11
12 11
0 7  0 11  1 8  1 9  1 11  2 8  3 9  4 10  5 10  6 11  10 11
12 11
0 7  0 11  1 8  1 9  2 8  2 11  3 9  4 10  5 10  6 11  10 11
12 11
0 7  0 11  1 8  1 9  2 8  3 9  4 10  5 10  6 11  8 11  10 11
12 11
0 7  0 10  0 11  1 8  1 9  1 11  2 8  3 9  4 10  5 10  6 11
12 11
0 7  0 10  1 8  1 9  2 8  2 11  3 9  4 10  5 10  6 11  7 11
12 11
0 7  0 10  0 11  1 8  1 9  2 8  3 9  4 10  5 10  6 11  8 11
12 11
0 7  0 10  1 8  1 9  2 8  3 9  4 10  5 10  6 11  7 11  8 11
12 11
0 7  0 11  1 8  1 9  2 8  2 10  3 9  3 11  4 10  5 10  6 11
12 11
0 7  0 11  1 8  1 9  2 8  2 10  3 9  4 10  4 11  5 10  6 11
12 11
0 7  0 11  1 8  1 9  2 8  2 10  3 9  4 10  5 10  6 11  8 11
12 11
0 7  0 11  1 8  1 9  2 8  2 10  3 9  4 10  5 10  6 11  9 11
12 11
0 7  0 11  1 8  1 9  2 8  2 11  3 9  4 10  4 11  5 10  6 10
12 11
0 7  0 11  1 8  1 9  2 8  3 9  4 10  4 11  5 10  6 10  8 11
12 11
0 7  0 11  1 8  1 11  2 8  3 9  3 11  4 9  5 10  5 11  6 10
12 11
0 7  0 11  1 8  2 8  3 9  3 11  4 9  5 10  5 11  6 10  8 11
12 11
0 7  0 11  1 8  2 8  3 9  4 9  5 10  5 11  6 10  8 11  9 11
12 11
0 7  0 11  1 8  2 8  3 9  4 9  5 10  6 10  8 11  9 11  10 11
12 11
0 7  0 10  1 8  1 10  2 8  3 9  3 10  4 9  5 11  6 11  8 11
12 11
0 7  0 10  1 8  1 10  2 8  3 9  3 11  4 9  5 10  6 11  7 11
12 11
0 7  0 10  1 8  1 10  2 8  3 9  3 11  4 9  5 10  6 11  8 11
12 11
0 7  0 10  1 8  1 10  2 8  2 11  3 9  4 9  5 10  6 11  9 11
12 11
0 7  0 10  1 8  1 10  2 8  3 9  4 9  5 10  6 11  7 11  9 11
12 11
0 7  0 10  1 8  1 10  2 8  3 9  4 9  5 10  6 11  8 11  9 11
12 11
0 7  0 11  1 8  1 10  2 8  2 11  3 9  3 10  4 9  5 10  6 11
12 11
0 7  0 11  1 8  1 10  2 8  3 9  3 10  4 9  5 10  6 11  8 11
12 11
0 7  0 10  1 8  1 11  2 8  3 9  3 11  4 9  5 10  5 11  6 10
12 11
0 7  0 10  1 8  1 11  2 8  3 9  3 11  4 9  5 10  6 10  7 11
12 11
0 7  0 10  0 11  1 8  2 8  3 9  3 11  4 9  5 10  6 10  8 11
12 11
0 7  0 10  1 8  2 8  3 9  3 11  4 9  5 10  5 11  6 10  8 11
12 11
0 7  0 10  1 8  2 8  3 9  3 11  4 9  5 10  6 10  7 11  8 11
12 11
0 7  0 10  0 11  1 8  2 8  3 9  4 9  5 10  6 10  8 11  9 11
12 11
0 7  0 10  1 8  2 8  3 9  4 9  5 10  5 11  6 10  8 11  9 11
12 11
0 7  0 10  1 8  2 8  3 9  4 9  5 10  6 10  7 11  8 11  9 11
12 11
0 7  0 11  1 8  1 10  2 8  2 11  3 9  3 11  4 9  5 10  6 10
12 11
0 7  0 11  1 8  1 10  2 8  3 9  3 11  4 9  5 10  5 11  6 10
12 11
0 7  0 11  1 8  1 10  2 8  3 9  3 11  4 9  5 10  6 10  8 11
12 11
0 7  0 11  1 8  1 10  1 11  2 8  3 9  4 9  5 10  6 10  9 11
12 11
0 7  0 11  1 8  1 10  2 8  2 11  3 9  4 9  5 10  6 10  9 11
12 11
0 7  0 11  1 8  1 10  2 8  3 9  4 9  5 10  5 11  6 10  9 11
12 11
0 7  0 11  1 8  1 10  2 8  3 9  4 9  5 10  6 10  8 11  9 11
12 11
0 7  0 10  0 11  1 8  2 8  3 9  4 9  5 10  6 11  8 10  9 11
12 11
0 7  0 10  1 8  2 8  3 9  4 9  5 10  6 11  7 11  8 10  9 11
12 11
0 7  0 11  1 8  2 8  3 9  3 10  4 9  5 10  6 11  8 10  9 11
12 11
0 7  0 11  1 8  1 11  2 8  3 9  4 9  5 10  6 10  8 10  9 11
12 11
0 7  0 8  1 7  1 9  2 8  2 10  3 9  3 11  4 10  5 11  6 11
12 11
0 7  0 8  1 7  1 9  2 8  2 11  3 9  4 10  4 11  5 10  6 11
12 11
0 7  0 8  0 11  1 7  1 9  2 8  3 9  4 10  5 10  6 11  10 11
12 11
0 7  0 8  1 7  1 9  2 8  2 11  3 9  4 10  5 10  6 11  10 11
12 11
0 7  0 8  1 7  1 9  2 8  3 9  4 10  5 10  6 11  7 11  10 11
12 11
0 7  0 8  1 7  1 9  2 8  3 9  4 10  5 10  6 11  8 11  10 11
12 11
0 7  0 8  0 11  1 7  2 8  3 9  3 10  3 11  4 9  5 10  6 11
12 11
0 7  0 8  1 7  1 11  2 8  3 9  3 10  4 9  4 11  5 10  6 11
12 11
0 7  0 8  1 7  2 8  3 9  3 10  3 11  4 9  5 10  6 11  7 11
12 11
0 7  0 8  1 7  2 8  3 9  3 10  4 9  4 11  5 10  6 11  7 11
12 11
0 7  0 8  1 7  2 8  3 9  3 10  4 9  5 10  6 11  7 11  9 11
12 11
0 7  0 8  1 7  1 11  2 8  3 9  3 11  4 9  5 10  5 11  6 10
12 11
0 7  0 8  1 7  2 8  3 9  3 11  4 9  5 10  5 11  6 10  7 11
12 11
0 7  0 8  0 11  1 7  2 8  3 9  4 9  5 10  5 11  6 10  9 11
12 11
0 7  0 8  1 7  1 11  2 8  3 9  4 9  5 10  5 11  6 10  9 11
12 11
0 7  0 8  1 7  2 8  3 9  4 9  5 10  5 11  6 10  7 11  9 11
12 11
0 7  0 8  0 11  1 7  2 8  3 9  4 9  5 10  6 10  9 11  10 11
12 11
0 7  0 8  1 7  1 11  2 8  3 9  4 9  5 10  6 10  9 11  10 11
12 11
0 7  0 8  1 7  2 8  3 9  4 9  5 10  6 10  7 11  9 11  10 11
12 11
0 6  0 11  1 7  1 11  2 8  2 11  3 9  3 11  4 10  4 11  5 11
12 11
0 6  0 10  0 11  1 7  1 11  2 8  2 11  3 9  3 11  4 10  5 11
12 11
0 6  0 10  1 7  1 11  2 8  2 11  3 9  3 11  4 10  4 11  5 11
12 11
0 6  0 11  1 7  1 11  2 8  2 11  3 9  3 11  4 10  4 11  5 10
12 11
0 6  0 11  1 7  1 11  2 8  2 11  3 9  3 11  4 10  5 10  10 11
12 11
0 6  0 10  0 11  1 7  1 10  2 8  2 10  3 9  3 11  4 11  5 11
12 11
0 6  0 10  1 7  1 10  2 8  2 10  3 9  3 11  4 11  5 11  6 11
12 11
0 6  0 10  0 11  1 7  1 10  2 8  2 11  3 9  3 11  4 10  5 11
12 11
0 6  0 10  1 7  1 10  2 8  2 11  3 9  3 11  4 10  4 11  5 11
12 11
0 6  0 10  1 7  1 10  2 8  2 11  3 9  3 11  4 10  5 11  6 11
12 11
0 6  0 10  1 7  1 10  2 8  2 11  3 9  3 11  4 10  5 11  10 11
12 11
0 6  0 10  0 11  1 7  1 11  2 8  2 11  3 9  3 11  4 10  5 10
12 11
0 6  0 10  1 7  1 11  2 8  2 11  3 9  3 11  4 10  4 11  5 10
12 11
0 6  0 10  1 7  1 11  2 8  2 11  3 9  3 11  4 10  5 10  6 11
12 11
0 6  0 10  1 7  1 11  2 8  2 11  3 9  3 11  4 10  5 10  10 11
12 11
0 6  0 9  0 11  1 7  1 10  1 11  2 8  2 11  3 9  4 10  5 11
12 11
0 6  0 9  1 7  1 10  1 11  2 8  2 11  3 9  3 11  4 10  5 11
12 11
0 6  0 9  1 7  1 10  2 8  2 11  3 9  3 11  4 10  4 11  5 11
12 11
0 6  0 9  0 11  1 7  1 11  2 8  2 11  3 9  3 10  4 10  5 11
12 11
0 6  0 9  1 7  1 11  2 8  2 11  3 9  3 10  3 11  4 10  5 11
12 11
0 6  0 9  1 7  1 11  2 8  2 11  3 9  3 10  4 10  4 11  5 11
12 11
0 6  0 9  0 11  1 7  1 11  2 8  2 11  3 9  4 10  4 11  5 10
12 11
0 6  0 9  1 7  1 11  2 8  2 11  3 9  3 11  4 10  4 11  5 10
12 11
0 6  0 9  0 11  1 7  1 11  2 8  2 11  3 9  4 10  5 10  10 11
12 11
0 6  0 9  1 7  1 11  2 8  2 11  3 9  3 11  4 10  5 10  10 11
12 11
0 6  0 9  0 11  1 7  1 10  1 11  2 8  2 10  3 9  4 10  5 11
12 11
0 6  0 9  0 11  1 7  1 10  2 8  2 11  3 9  3 10  4 10  5 11
12 11
0 6  0 9  1 7  1 10  2 8  2 11  3 9  3 10  4 10  5 11  6 11
12 11
0 6  0 9  1 7  1 10  2 8  2 11  3 9  3 10  4 10  5 11  7 11
12 11
0 6  0 9  1 7  1 10  2 8  2 11  3 9  3 10  4 10  5 11  9 11
12 11
0 6  0 9  0 11  1 7  1 10  1 11  2 8  2 11  3 9  4 10  5 10
12 11
0 6  0 9  1 7  1 10  2 8  2 11  3 9  3 11  4 10  4 11  5 10
12 11
0 6  0 9  0 11  1 7  1 10  2 8  2 11  3 9  4 10  5 10  7 11
12 11
0 6  0 9  1 7  1 10  2 8  2 11  3 9  3 11  4 10  5 10  7 11
12 11
0 6  0 9  0 11  1 7  1 11  2 8  2 11  3 9  3 10  4 10  5 10
12 11
0 6  0 9  1 7  1 11  2 8  2 11  3 9  3 10  4 10  4 11  5 10
12 11
0 6  0 9  1 7  1 11  2 8  2 11  3 9  3 10  4 10  5 10  6 11
12 11
0 6  0 9  1 7  1 11  2 8  2 11  3 9  3 10  4 10  5 10  9 11
12 11
0 6  0 11  1 7  1 11  2 8  2 11  3 9  3 10  3 11  4 9  5 10
12 11
0 6  0 11  1 7  1 11  2 8  2 11  3 9  3 10  4 9  4 11  5 10
12 11
0 6  0 11  1 7  1 11  2 8  2 11  3 9  3 10  4 9  5 10  9 11
12 11
0 6  0 10  1 7  1 10  2 8  2 10  3 9  4 9  5 11  6 11  9 11
12 11
0 6  0 10  1 7  1 10  2 8  2 11  3 9  3 10  4 9  5 11  9 11
12 11
0 6  0 10  1 7  1 10  2 8  2 11  3 9  3 11  4 9  5 10  6 11
12 11
0 6  0 10  0 11  1 7  1 10  2 8  2 11  3 9  4 9  5 10  9 11
12 11
0 6  0 10  1 7  1 10  2 8  2 11  3 9  4 9  5 10  5 11  9 11
12 11
0 6  0 10  1 7  1 10  2 8  2 11  3 9  4 9  5 10  6 11  9 11
12 11
0 6  0 10  1 7  1 11  2 8  2 11  3 9  3 10  4 9  4 11  5 10
12 11
0 6  0 10  1 7  1 11  2 8  2 11  3 9  3 10  4 9  5 10  5 11
12 11
0 6  0 10  1 7  1 11  2 8  2 11  3 9  3 10  4 9  5 10  6 11
12 11
0 6  0 10  1 7  1 11  2 8  2 11  3 9  3 10  4 9  5 10  9 11
12 11
0 6  0 8  0 11  1 7  1 9  1 11  2 8  2 10  3 9  4 10  5 11
12 11
0 6  0 8  1 7  1 9  1 11  2 8  2 10  2 11  3 9  4 10  5 11
12 11
0 6  0 8  0 11  1 7  1 9  2 8  2 10  3 9  3 11  4 10  5 11
12 11
0 6  0 8  1 7  1 9  2 8  2 10  3 9  3 11  4 10  4 11  5 11
12 11
0 6  0 8  0 11  1 7  1 9  1 11  2 8  3 9  4 10  4 11  5 10
12 11
0 6  0 8  1 7  1 9  1 11  2 8  2 11  3 9  4 10  4 11  5 10
12 11
0 6  0 8  1 7  1 9  2 8  2 11  3 9  3 11  4 10  4 11  5 10
12 11
0 6  0 8  0 11  1 7  1 9  1 11  2 8  3 9  4 10  5 10  10 11
12 11
0 6  0 8  1 7  1 9  1 11  2 8  2 11  3 9  4 10  5 10  10 11
12 11
0 6  0 8  1 7  1 9  2 8  2 11  3 9  3 11  4 10  5 10  10 11
12 11
0 6  0 8  0 11  1 7  1 11  2 8  2 9  3 9  3 10  4 10  5 11
12 11
0 6  0 8  1 7  1 11  2 8  2 9  3 9  3 10  4 10  4 11  5 11
12 11
0 6  0 8  0 11  1 7  1 11  2 8  2 9  3 9  4 10  4 11  5 10
12 11
0 6  0 8  1 7  1 11  2 8  2 9  2 11  3 9  4 10  4 11  5 10
12 11
0 6  0 8  1 7  1 11  2 8  2 9  3 9  3 11  4 10  4 11  5 10
12 11
0 6  0 8  0 11  1 7  1 11  2 8  2 9  3 9  4 10  5 10  10 11
12 11
0 6  0 8  1 7  1 11  2 8  2 9  2 11  3 9  4 10  5 10  10 11
12 11
0 6  0 8  1 7  1 11  2 8  2 9  3 9  3 11  4 10  5 10  10 11
12 11
0 6  0 10  0 11  1 7  1 11  2 8  2 9  2 11  3 8  4 9  5 10
12 11
0 6  0 10  0 11  1 7  1 11  2 8  2 9  3 8  3 11  4 9  5 10
12 11
0 6  0 10  1 7  1 11  2 8  2 9  3 8  3 11  4 9  5 10  5 11
12 11
0 6  0 10  0 11  1 7  1 11  2 8  2 9  3 8  4 9  5 10  8 11
12 11
0 6  0 10  1 7  1 11  2 8  2 9  3 8  4 9  5 10  5 11  8 11
12 11
0 6  0 11  1 7  1 11  2 8  2 9  2 11  3 8  3 10  4 9  5 10
12 11
0 6  0 11  1 7  1 11  2 8  2 9  3 8  3 10  4 9  4 11  5 10
12 11
0 6  0 11  1 7  1 11  2 8  2 9  3 8  3 10  4 9  5 10  8 11
12 11
0 6  0 11  1 7  1 11  2 8  2 9  3 8  3 10  4 9  5 10  9 11
12 11
0 6  0 11  1 7  1 8  2 7  2 9  3 8  3 10  4 9  4 11  5 10
12 11
0 5  0 10  1 6  1 10  2 7  2 10  3 8  3 11  4 9  4 11  5 11
